[TEXTURES]
31	Resource/SceneAndSpec/InformationDisplay/select_waapon.png	255	0	255
32	Resource/SceneAndSpec/InformationDisplay/item_select.png	255	230	255

[SPRITES]
#number
60005	180	234	188	243	1
60006	190	234	198	243	1
60007	201	234	209	243	1
60008	211	234	218	243	1
60009	222	234	230	243	1
60010	180	245	188	254	1
60011	190	245	198	254	1
60012	201	245	209	254	1
60013	211	245	218	254	1
60014	222	245	230	254	1
#Scene
50000	0	0	320	300	31
#ItemSelect
50101	0	0	10	17	32
#flip
50103	12	0	22	17	32
#black
50102	0	18	10	35	32
[ANIMATIONS]
51000	50000	999
51001	50101	50	50102	50
51002	50103	50	50102	50
#number
60105	60005	100
60106	60006	100
60107	60007	100
60108	60008	100
60109	60009	100
60110	60010	100
60111	60011	100
60112	60012	100
60113	60013	100
600114	60014	100
[ANIMATION_SETS]
52000	51000	51001	51002
#number
61005	600105	600106	600107	600108	600109	600110	600111	600112	600113	600114
