[TEXTURES]
26	Resource/SceneAndSpec/Intro/Ending1.jpg	255	0	255
27	Resource/SceneAndSpec/Intro/Ending2.jpg	255	0	255
28	Resource/SceneAndSpec/Intro/Ending3.png	63	72	204
29	Resource/SceneAndSpec/Intro/Cloud_Ending.png	63	72	204
30	Resource/SceneAndSpec/Intro/Ending_Color.png	73	80	198

[SPRITES]
#end
13097	1	1	509	225	28
#cloud
13091	2	2	509	224	29
#forest
13090	2	100	509	250	30
#mountain
13096	35	239	59	262	28
#frog
13095	463	244	478	258	28
#hair
13094	464	228	478	241	28
13093	481	228	495	241	28
13092	498	228	512	241	28
#endtext
13089	0	0	119	273	26
13088	120	0	319	273	26
13087	0	0	119	325	27
[ANIMATIONS]
1303	13097	999
1304	13096	50
1305	13095	50
1306	13094	50	13093	50	13092	50
1307	13091	50
1308	13090	50
1309	13089	50
1310	13088	50
1311	13087	50
[ANIMATION_SETS]
701	1303	1304	1305	1306	1307	1308	1309	1310	1311
