[OBJECTS]
# type	x	y	numberOfPairGrid	gird_row1 (y/scr_height) 	grid_column1 (x/scr_width) 	grid_row2 	grid_column2 ...	animationset_id		width		height
# type
#jason
#101	55	100	1	0	0
#Worm
10	160	50	1	0	1	10	0
10	220	60	1	0	1	10	0
10	480	50	1	0	3	10	0
10	865	60	1	0	5	10	0
10	930	70	1	0	5	10	0
#DOMES
11	260	140	1	1	1	11	3
11	290	40	2	0	1	0	2	11	2
#FLOATER
12	610	70	1	0	3	12
12	830	90	1	0	5	12
12	930	90	1	0	5	12

#Brick
##Brick main
1	0	161	2	1	0	1	1	318	16
1	385	161	2	1	2	1	3	125	16
1	578	161	2	1	3	1	4	125	16
1	771	161	3	1	4	1	5	1	6	300	16

##Brick tuong cho Domes
#part1
1	16	18	2	0	0	1	0	16	144
1	16	16	8	0	0	0	1	0	2	0	3	0	4	0	5	0	6	0	7	1200	16
#Cot1
1	51	32	1	0	0	27	32
#Cot2
1	115	32	1	0	0	27	48
#Cot3
1	178	32	1	0	1	28	30
#Cot4
1	243	32	1	0	1	28	80
#cột 5
1	306	32	2	0	1	0	2	28	48
#cột 6
1	370	32	1	0	2	28	32
#cột 7
1	435	32	1 	0	2	28	32
#cột 8
1	499	32	1	0	3	28	48
#cột 9
1	563	32	1	0	3	28	32
#Cot 10
1	627	32	2	0	3	0	4	28	80
#cột 11
1	691	32	1	0	4	28	32
#cột 12
1	755	32	1	0	4	28	32
#cột 13
1	819	32	1	0	5	28	48
#Cot 14
1	883	32	1	0	5	28	80
#Cot 15
1	947	32	2	0	5	0	6	28	90
#cột 1 dưới
1	260	170	1	1	1	28	80
#cột 2 dưới
1	400	170	1	1	2	15	80
#cột 3 dưới
1	467	170	2	1	2	1	3	15	80
#cột 4 dưới
1	593	170	1	1	3	15	80
#cột 5 dưới
1	659	170	1	1	4	15	80
#cột 6 dưới
1	785	170	2	1	4	1	5	15	80
#cột ngang cuối
1	0	224	7	1	0	1	1	1	2	1	3	1	4	1	5	1	6	1000	15
#Gate
#	gateX	gateY						stage	playerX	playerY	state	camera	camX	camY
2	975	130	2	0	6	1	6	12	52	1166	0	1	0	1100

#Spears
5	289	209	2	1	1	1	2	112	15
5	481	209	1	1	3	112	15
5	673	209	1	1	4	112	15
