[OBJECTS]
# type	x	y	ani_set_id	extra_settings per object type
#=== ENEMIES =====

#JUMPERS
15	350	155	1	1	2	15
15	330	285	1	2	2	15
15	425	285	1	2	2	15
#15	355	1300	1	9	2	15
#15	185	1425	1	10	1	15
#15	340	1425	1	10	2	15
#15	350	1555	1	11	2	15
#15	200	1675	1	12	1	15

#SKULLS
16	385	605	1	4	2	16
16	100	475	1	3	0	16
16	50	1340	1	10	1	16
16	250	1480	1	10	1	16
16	445	1610	1	11	2	16

#ORBS
14	105	270	2	1	0	2	0	14	0
14	180	270	2	1	1	2	1	14	0

#INSECT
13	325	360	1	2	2	13
13	420	360	1	2	2	13
13	265	920	1	6	1	13
13	360	1030	1	7	2	13
13	265	1180	1	8	1	13

#FLOATER
12	50	960	1	7	0	12
12	115	995	1	7	0	12
12	55	1539	1	11	0	12
12	115	1600	1	11	0	12

#MINES
20	380	824	1	6	2	20
20	225	824	1	6	1	20
20	235	696	1	5	1	20
20	110	952	2	6	0	7	0	20
20	235	1336	1	9	1	20

# BRICK
1	0	1729	4	12	0	12	1	12	2	12	3	512	32
1	0	1665	2	12	0	12	1	160	32
1	416	1665	2	12	2	12	3	96	32
1	0	1601	1	11	0	96	32
1	160	1601	2	11	1	11	2	256	32
1	224	1537	1	11	1	64	32
1	0	1473	2	10	0	10	1	224	32
1	289	1473	3	10	1	10	2	10	3	224	32
1	0	1409	1	10	0	96	32
1	416	1409	2	10	2	10	3	96	32

#1	96	1345	6	9	0	9	1	9	2	10	0	10	1	10	2	320	32
1	96	1345	4	9	0	9	1	10	0	10	1	66	32
1	162	1361	2	9	1	10	1	64	16
1	226	1345	4	9	1	9	2	10	1	10	2	192	32

1	416	1281	2	9	2	9	3	96	32

#1	0	1217	6	8	0	8	1	8	2	9	0	9	1	9	2	416	32
1	0	1217	4	8	0	8	1	9	0	9	1	226	32
1	226	1233	1	9	1	64	16
1	290	1217	4	8	1	8	2	9	1	9	2	128	32

1	0	1153	2	8	0	8	1	160	32
1	352	1152	2	8	2	8	3	160	32
1	0	1089	2	7	0	8	0	96	32
1	160	1089	4	7	1	7	2	8	1	8	2	192	32
1	416	1089	4	7	2	7	3	8	2	8	3	96	32
1	0	1025	2	7	0	7	1	160	32
1	288	1025	2	7	1	7	2	64	32
1	96	961	2	7	0	7	1	192	32
1	352	961	2	7	2	7	3	160	32
1	0	897	1	6	0	96	32
1	416	897	2	6	2	6	3	96	32

#1	0	833	3	6	0	6	1	6	2	416	32
1	0	833	2	6	0	6	1	290	32
1	290	849	2	6	1	6	2	64	16
1	354	833	1	6	2	64	32

1	0	769	1	5	0	96	32

#1	96	705	2	5	0	5	1	192	32
1	96	705	2	5	0	5	1	66	32
1	162	721	1	5	1	64	16
1	226	705	1	5	1	64	32

1	288	641	3	4	1	4	2	4	3	224	32
1	0	577	2	4	0	4	1	288	32
1	416	577	2	4	2	4	3	96	32
1	96	513	2	3	0	3	1	64	32
1	0	449	1	3	0	96	32

#1	160	449	3	3	1	3	2	3	3	352	32
1	160	449	1	3	1	66	32
1	226	465	1	3	1	64	16
1	290	449	3	3	1	3	2	3	3	224	32

1	352	385	2	2	2	3	2	64	32

#1	0	321	3	2	0	2	1	2	2	352	32
1	0	321	1	2	0	98	32
1	98	337	2	2	0	2	1	64	16
1	162	321	2	2	1	2	2	191	32

1	416	321	2	2	2	2	3	96	32
1	224	257	2	1	1	2	1	64	32
1	288	193	2	1	1	1	2	128	32
1	224	129	2	0	1	1	1	64	32
1	0	129	2	0	0	1	0	50	32
1	66	129	2	0	0	1	0	30	32
1	416	129	4	0	2	0	3	1	2	1	3	96	32
1	416	65	2	0	2	0	3	96	32
1	0	0	4	0	0	0	1	0	2	0	3	512	32
1	0	0	13	0	0	1	0	2	0	3	0	4	0	5	0	6	0	7	0	8	0	9	0	10	0	11	0	12	0	32	1760
1	480	0	13	0	3	1	3	2	3	3	3	4	3	5	3	6	3	7	3	8	3	9	3	10	3	11	3	12	3	32	1760
1	160	1505	2	10	1	11	1	32	76
1	288	1377	2	10	1	10	2	32	96
1	96	1089	2	7	0	8	0	32	44
1	160	993	1	7	1	32	76
1	160	865	2	6	1	7	1	32	76
1	73	93	1	0	0	30	2
#injuringBrick
5	98	325	2	2	0	2	1	64	13
5	226	453	1	3	1	64	13
5	162	709	1	5	1	64	13
5	290	837	2	6	1	6	2	64	13
5	226	1221	2	8	1	9	1	64	13
5	162	1349	1	9	1	64	13
#softBrick
7	161	943	2	6	1	7	1	7
7	176	943	2	6	1	7	1	7
7	161	1071	1	7	1	7
7	176	1071	1	7	1	7
7	97	1135	1	8	0	7
7	112	1135	1	8	0	7
7	161	1583	1	11	1	7
7	176	1583	1	11	1	7
#stair
4	52	120	3	0	0	1	0	2	0	7	185
#back
2	463	1122	2	8	2	8	3	14	65	110	0	1	0	0	2
#go
2	76	94	1	0	0	20	1431	1120	0	1	1271	983	0
2	30	1123	1	8	0	19	190	150	0	1	0	0	1
2	462	98	4	0	2	0	3	1	2	1	3	16	64	141	0	1	0	0	2