[OBJECTS]
#SKULLS
16	120	130	2	0	0	1	0	16
16	294	130	2	0	1	1	1	16
16	455	130	2	0	2	1	2	16

# id	left	top	right	bottom	texture_id
#viền trái
1	0	0	2	0	0	1	0	64	170
#viền phải
1	512	0	2	0	3	1	3	31	170
#viền trên
1	0	50	4	0	0	0	1	0	2	0	3	530	30
#viền dưới
1	0	160	4	1	0	1	1	1	2	1	3	567	34
#cột 1
1	64	80	1	0	0	17	30
#cột 2
1	128	80	1	0	0	17	30
#cột 3
1	192	80	1	0	1	17	30
#cột 4
1	256	80	1	0	1	17	30
#cột 5
1	319	80	2	0	1	0	2	17	30
#cột 6
1	384	80	1	0	2	17	30
#cột 7
1	448	80	1	0	2	17	30
1	485	129	1	0	3	30	2
1	61	129	1	0	0	30	4
#Gate
#back
2	65	130	2	0	0	1	0	12	421	141	0	1	257	7	1
#go
2	491	130	2	0	3	1	3	14	55	878	0	1	0	745	2