# id	left	top	right	bottom	texture_id
#[CLEARTEXTURES]
#[CLEARSPRITES]
#[CLEARANIMATIONS]
#[CLEARANIMATIONSETS]
# Id	FilePath			R	G	B
[TEXTURES]
# id	left	top	right	bottom	texture_id
[SPRITES]
#Worm
#Walk
1000	168	411	186	421	40
1001	187	411	204	421	40

#FLOATER
#FLY
1200	148	406	166	421	40
#FLIP
1201	128	405	146	421	40

#DOMES
#walk top right
1100	145	478	163	495	40
1101	165	478	183	495	40
#walk top left
1102	63	478	81	494	40
1103	83	478	101	495	40
#walk right top
1104	47	440	63	458	40
1105	46	460	63	478	40
#walk right bottom
1106	128	440	145	458	40
1107	129	460	145	478	40
#Attack Left Right
1108	128	440	145	458	40
#Attack Top Bottom
1109	145	478	163	495	40

#JUMPERS
#WALK
1500	166	499	183	525	40
1501	148	499	165	525	40
1502	128	499	145	525	40

#INSECT
#FLY
1300	128	529	146	547	40
1301	148	532	166	547	40

#ORBS
#FLY
1400	154	386	172	404	40
#FLIP
1401	134	386	152	404	40
1402	114	386	132	404	40


#ENEMY DIE
90000	176	94	183	102	1
90001	192	91	208	104	1
90002	213	90	229	106	1

#SoftBrick
#default
700001	10	4	25	21	3
#explosion
700002	177	118	200	141	1
700003	211	88	230	107	1
700004	190	88	209	107	1
700005	169	88	188	107	1

[ANIMATIONS]
# id tuan theo define

#SoftBrick
#default
70001	700001	100
#explosion
70002	700002	50	700003	50	700002	100	700003	80	700004	80	700005	80

#Walk worm
1000	1000	100	1001	100

#DOMES
#walk top right
1100	1100	100	1101	100
#walk top left
1101	1102	100	1103	100
#walk right top
1102	1104	100	1105	100
#walk right bottom
1103	1106	100	1107	100
#Attack Left Right
1104	1108	100
#Attack Top Bottom
1105	1109	100

#FLOATER
#FLY
1200	1200	100
#ATTACK
1201	1202	100	1201	100

#JUMPERS
#WALK
1500	1500	100	1501	100	1502	100

#INSECT
#Fly
1300	1300	80	1301	80
#ENEMY DIE
9000	90000	100	90001	100	90002	100	90002	100

#ORBS
#FLY
1400	1400	100
#FLIP
1401	1401	100	1402	100	1400	100


#ENEMY DIE
9000	90000	100	90001	100	90002	100	90002	100

[ANIMATION_SETS]
#SoftBrick
7	70001	70002

# Worm
10	1000	9000

#DOMES
11	1100	1101	1102	1103	1104	1105	9000

#FLOATER
12	1200	1201	9000

#INSECT
13	1300	9000

#ORBS
14	1400	1401	9000

#JUMPERS
15	1500	9000

[OBJECTS]
# type	x	y	numberOfPairGrid	gird_row1 (y/scr_height) 	grid_column1 (x/scr_width) 	grid_row2 	grid_column2 ...	animationset_id		width		height
#Worm
10	273	278	1	2	1	10
10	286	267	2	1	1	2	1	10
#FLOATER
12	113	1140	1	8	0	12
12	130	1175	1	8	0	12
12	160	1102	1	8	1	12
#DOMES
11	280	1160	1	8	1	11	3
11	140	76	1	0	0	11	3
11	257	76	1	0	1	11	3
11	232	76	1	0	1	11	3
#JUMPERS
15	50	960	1	7	0	15

#INSECT
13	350	760	1	5	2	13
13	350	610	1	4	2	13
13	400	500	1	3	2	13
#ORBS
14	240	460	1	3	1	14	1
14	60	340	1	2	0	14	1
14	260	330	1	2	1	14	1


# type	x	y	extra_settings per object type
# type: 1 = Brick, 2 = Gate


#viền trái
1	0	0	11	0	0	1	0	2	0	3	0	4	0	5	0	6	0	7	0	8	0	9	0	10	0	31	1440
#viền phải
1	480	0	11	0	3	1	3	2	3	3	3	4	3	5	3	6	3	7	3	8	3	9	3	10	3	31	1440
#viền trên
#1	0	0	4	0	0	0	1	0	2	0	3	600	64
1	0	0	1	0	0	111	64
1	111	0	4	0	0	0	1	0	2	0	3	489	47
1	144	47	2	0	0	0	1	31	17
1	208	47	1	0	1	31	17
1	272	47	3	0	1	0	2	0	3	328	17
#viền dưới
1	0	1249	4	9	0	9	1	9	2	9	3	600	64
#ngang 1-1
1	97	97	3	0	0	0	1	0	2	254	30
#ngang 1-2
1	415	97	2	0	2	0	3	100	30
#ngang 2-1
1	0	160	1	1	0	159	30
#ngang  2-2
1	352	160	2	1	2	1	3	150	30
#ngang 3
#1	97	225	4	1	0	1	1	1	2	1	3	454	30
1	97	225	1	1	0	14	30
1	111	225	4	1	0	1	1	1	2	1	3	404	13
1	144	238	2	1	0	1	1	31	17
1	208	238	1	1	1	31	17
1	272	238	1	1	1	31	17
1	336	238	2	1	2	1	3	179	17
#ngang 4
1	0	289	3	2	0	2	1	2	2	352	30
#ngang 5 nhỏ phải
1	352	353	1	2	2	63	30
#ngang 6
1	97	417	3	3	0	3	1	3	2	255	30
#ngang 7
1	0	481	1	3	0	96	30
#ngang 8-1
1	0	545	4	3	0	3	1	4	0	4	1	223	30
#ngang 8-2
1	289	545	4	3	1	3	2	4	1	4	2	127	30
#ngang 9
1	416	609	2	4	2	4	3	140	30
#ngang 10
1	97	673	6	4	0	4	1	4	2	5	0	5	1	5	2	319	30
#ngang 11-2
1	416	737	2	5	2	5	3	140	30
#ngang 11-1
1	0	737	1	5	0	96	30
#ngang 12-1
1	95	801	4	5	0	5	1	6	0	6	1	65	30
#ngang 12-2
1	223	801	4	5	1	5	2	6	1	6	2	193	30
#ngang 13-1
1	0	865	2	6	0	6	1	223	30
#ngang 13-2
1	416	865	2	6	2	6	3	96	30
#ngang 14
1	160	929	4	6	1	6	2	7	1	7	2	256	30
#ngang 15-2
1	416	993	2	7	2	7	3	96	30
#ngang 15-1
#1	0	993	2	7	0	7	1	160	30
1	0	993	1	7	0	111	30
1	111	993	1	7	0	33	13
1	144	993	2	7	0	7	1	16	30
#ngang 16
1	96	1057	3	7	0	7	1	7	2	320	30
#ngang 17-1
1	0	1121	1	8	0	96	30
#ngang 17-2
1	416	1121	2	8	2	8	3	96	30
#ngang 18-1
1	0	1185	2	8	0	8	1	160	30
#ngang 18-2
1	223	1185	3	8	1	8	2	8	3	360	30
#dọc 1
1	256	127	2	0	1	1	1	32	79
#dọc 2
1	256	703	1	5	1	32	79
#dọc kế kế cuối
1	319	831	2	6	1	6	2	32	79
#dọc kế cuối
1	256	959	1	7	1	32	79
#dọc cuối
1	319	1087	4	7	1	7	2	8	1	8	2	32	79
#Softbrick test
7	256	207	1	1	1	7
7	271	207	1	1	1	7
7	256	783	1	5	1	7
7	271	783	1	5	1	7
7	320	911	1	6	2	7
7	334	911	1	6	2	7
7	256	1039	1	7	1	7
7	271	1039	1	7	1	7
7	319	1167	1	8	2	7
7	334	1167	1	8	2	7
#GadBrick
#trên cùng
5	111	47	1	0	0	33	17
5	175	47	1	0	1	33	17
5	239	47	1	0	1	33	17
#hàng 2 từ trên xuống
5	111	238	1	1	0	33	17
5	175	238	1	1	1	33	17
5	239	238	1	1	1	33	17
5	303	238	2	1	1	1	2	33	17
#hàng 3
5	111	1006	1	7	0	33	17
#Gate
#	gateX	gateY	stage	playerX	playerY	state	camera	typeplayer	camX	camY
#back
2	30	1154	1	8	0	11	946	141	0	1	754	0
#go
2	462	130	4	0	2	0	3	1	2	1	3	13	90	141.5	0	1	0	0
