# Id	FilePath			R	G	B
[TEXTURES]
40	Resource/Enemy/enemies.png	255	0	255
50	Resource/item.png	255	255	0
# id	left	top	right	bottom	texture_id

[OBJECTS]
1	0	480	4	3	0	3	1	3	2	3	3	22	512	64
1	0	416	1	3	0	22	96	64
1	96	432	1	3	0	22	32	16
1	288	416	2	3	1	3	2	22	64	64
1	256	432	1	3	1	22	32	16
1	160	352	2	2	1	3	1	22	64	64
1	160	288	1	2	1	22	64	64
1	288	352	4	2	1	2	2	3	1	3	2	22	128	64
1	128	368	2	2	0	2	1	22	32	16
1	224	368	1	2	1	22	32	16
1	416	368	1	2	2	22	32	16
1	448	432	2	3	2	3	3	22	32	16
1	448	304	2	2	2	2	3	22	32	16
1	416	240	1	1	2	22	32	16
1	448	176	2	1	2	1	3	22	32	16
1	416	112	1	0	2	22	32	16
1	0	224	6	1	0	1	1	1	2	2	0	2	1	2	2	22	416	64
1	0	160	1	1	0	22	96	64
1	96	176	1	1	0	22	32	16
1	128	112	2	0	0	0	1	22	32	16
1	160	96	4	0	1	0	2	1	1	1	2	22	256	64
1	352	160	1	1	2	22	64	64
1	0	-1	4	0	0	1	0	2	0	3	0	22	512	32

1	0	-1	4	0	0	1	0	2	0	3	0	22	32	543
1	480	-1	4	0	3	1	3	2	3	3	3	22	32	543
#back
2	28	128	2	0	0	1	0	16	424	141	0	1	1	240	0
#go
2	28	387	2	2	0	3	0	18	422	151	0	1	1	248	0