[TEXTURES]
22	Resource/SceneAndSpec/Intro/Roll_Out_Cutscene.png	255	0	255
21	Resource/SceneAndSpec/Intro/Opening_Cutscene.png	255	0	255
24	Resource/SceneAndSpec/Intro/Intro_Light.png	255	0	255
23	Resource/SceneAndSpec/Intro/Intro_Dark.png	255	0	255
25	Resource/SceneAndSpec/Intro/Ending_Cutscene.png	255	0	255
26	Resource/SceneAndSpec/Intro/Ending1.jpg	255	0	255
27	Resource/SceneAndSpec/Intro/Ending2.jpg	255	0	255
28	Resource/SceneAndSpec/Intro/Ending3.png	63	72	204
29	Resource/SceneAndSpec/Intro/Endding_color.jpg	63	72	204

34	Resource/SceneAndSpec/Intro/Logo.jpg	255	0	255
[SPRITES]
###INTRO SCENE
#intro 1
13000	0	0	256	224	21
13001	259	0	515	224	21
13002	518	0	774	224	21
13003	777	0	1033	224	21
13004	0	227	256	451	21
13005	259	227	515	451	21
13006	518	227	774	451	21
13007	777	227	1033	451	21
13008	0	454	256	678	21
13009	259	454	515	678	21
13010	518	454	774	678	21
13011	777	454	1033	678	21
13012	0	681	256	905	21
13013	259	681	515	905	21
13014	518	681	774	905	21
13015	777	681	1033	905	21
13016	0	908	256	1132	21
13017	259	908	515	1132	21
13018	518	908	774	1132	21
13019	777	908	1033	1132	21
13020	0	1135	256	1359	21
13021	259	1135	515	1359	21
13022	518	1135	774	1359	21
13023	777	1135	1033	1359	21
13024	0	1362	256	1586	21
13025	259	1362	515	1586	21
13026	518	1362	774	1586	21
13027	777	1362	1033	1586	21
13028	0	1589	256	1813	21
13029	259	1589	515	1813	21
13030	518	1589	774	1813	21
13031	777	1589	1033	1813	21
13032	0	1816	256	2040	21
13033	259	1816	515	2040	21
13034	518	1816	774	2040	21
13035	777	1816	1033	2040	21
13036	0	2043	256	2267	21
#car
13040	0	0	256	224	22
13041	259	0	515	224	22
13042	518	0	774	224	22
13043	0	227	256	451	22
13044	259	227	515	451	22
13045	518	227	774	451	22
13046	0	454	256	678	22
13047	259	454	515	678	22
13048	518	454	774	678	22
13049	0	681	256	905	22
#blaster master
13098	0	0	255	224	34
13099	273	0	528	224	34
13079	550	0	805	224	34
13078	5	258	260	482	34
13077	275	258	530	482	34
13076	549	258	804	482	34
#end
13097	0	0	509	224	25
13096	36	239	58	261	29
[ANIMATIONS]
1300	13098	50	13099	50	13079	50	13078	50	13077	50	13076	50	13098	50	13099	50	13079	50	13078	50	13077	50	13076	50	13098	50	13099	50	13079	50	13078	50	13077	50	13076	50	13098	50	13099	50	13079	50	13078	50	13077	50	13076	50	13098	50	13099	2000	13099	1
1301	13000	50	13001	50	13002	50	13003	2000	13004	50	13005	50	13006	50	13007	2000	13008	50	13009	50	13010	50	13011	2000	13012	50	13013	50	13014	50	13015	2000	13016	2000	13017	2000	13018	50	13019	50	13020	50	13021	50	13022	50	13023	50	13024	2000	13025	50	13026	50	13027	50	13028	2000	13029	50	13030	50	13031	50	13032	2000	13033	50	13034	50	13035	50	13036	2000	13036	1
1302	13040	50	13041	50	13040	50	13041	50	13040	50	13041	50	13040	50	13041	50	13040	50	13041	50	13040	50	13041	50	13040	50	13041	50	13040	50	13041	50	13040	50	13041	50	13040	50	13041	50	13040	50	13041	50	13040	50	13042	100	13043	100	13044	100	13045	100	13046	100	13047	100	13048	100	13049	500	13049	100	13049	1
1303	13097	999
1304	13096	50
[ANIMATION_SETS]
700	1300	1301	1302	1303	1304
