[SPRITES]
##============ BIG  SOPHIA ===================
##right
#idle
13001	137	74	161	106	21
13002	167	74	191	106	21
13003	195	74	219	106	21
#left
#idle
13004	103	74	127	106	21
13005	73	74	97	106	21
13006	45	74	69	106	21
#top
13007	108	39	128	71	21
#idle
13008	82	39	102	71	21
13009	56	39	76	71	21
#bot
13010	133	39	153	71	21
#idle
13011	158	39	178	71	21
13012	182	39	202	71	21
#die
13013	79	105	103	134	21
13014	107	105	130	134	21
13015	134	105	158	134	21
13016	162	105	186	134	21
[ANIMATIONS]
##BIG SOPHIA========================
#idle right
700	13001	100
#idle left
701	13004	100
#idle top
702	13008	100
#idle bot
703	13011	100
#walk right
704	13001	100	13002	100	13003	100
#walk left
705	13004	100	13005	100	13006	100
#walk top
706	13007	100	13008	100	13009	100
#walk bot
707	13010	100	13011	100	13012	100
#die
708	13001	100	13004	100	13008	100	13011	100	13001	100	13004	100	13008	100	13011	100	13001	100	13004	100	13008	100	13011	100	13013	200	13014	200	13015	200	13016	200	13016	200
[ANIMATION_SETS]
3	700	701	702	703	704	705	706	707	708
[OBJECTS]
#brick
#dọc trái
#1	0	0	15	0	0	1	0	2	0	3