[SPRITES]
#SKULLS
#FLY
1600	190	529	208	550	40

#skull bullet
400003	257	9	267	19	60

#ENEMY DIE
90000	176	94	183	102	1
90001	192	91	208	104	1
90002	213	90	229	106	1

[ANIMATIONS]
#SKULLS
#FLY
1600	1600	100

#skull bullet
40003	400003	100

#ENEMY DIE
9000	90000	100	90001	100	90002	100	90002	100

[ANIMATION_SETS]
#SKULLS
16	1600	1601	9000
#skull bullet
43	40003	30005
[OBJECTS]
#SKULLS
16	120	130	1	0	0	16
16	294	130	2	0	1	1	1	16
16	455	130	2	0	2	1	2	16


# id	left	top	right	bottom	texture_id
#viền trái
1	0	0	2	0	0	1	0	64	170
#viền phải
1	512	0	2	0	3	1	3	31	170
#viền trên
1	0	50	4	0	0	0	1	0	2	0	3	530	30
#viền dưới
1	0	160	4	1	0	1	1	1	2	1	3	567	34
#cột 1
1	64	80	1	0	0	17	30
#cột 2
1	128	80	1	0	0	17	30
#cột 3
1	192	80	1	0	1	17	30
#cột 4
1	256	80	1	0	1	17	30
#cột 5
1	320	80	1	0	2	17	30
#cột 6
1	384	80	1	0	2	17	30
#cột 7
1	448	80	1	0	2	17	30
#Gate
#back
2	50	125	2	0	0	1	0	12	421	141	0	1	257	7
#go
2	495	128	2	0	3	1	3	14	55	878	0	1	0	745