[SPRITES]
# id	left	top	right	bottom	texture_id
##==============ENEMY===================

#ORBS
#FLY
1400	154	386	172	404	40
#FLIP
1401	134	386	152	404	40
1402	114	386	132	404	40

#ENEMY DIE
90000	176	94	183	102	1
90001	192	91	208	104	1
90002	213	90	229	106	1

[ANIMATIONS]
# ani_id	sprite1_id	time1	sprite2_id	time2	...
# =============== ENEMIES==============

#ORBS
#FLY
1400	1400	100
#FLIP
1401	1400	100	1401	100	1402	100

#ENEMY DIE
9000	90000	100	90001	100	90002	100	90002	100
[ANIMATION_SETS]
# id	ani1	ani2	ani3
# id tuan theo define
#=== ENEMIES =====

#ORBS
14	1400	1401	9000

[OBJECTS]
# type	x	y	ani_set_id	extra_settings per object type

#ORBS
14	290	75	1	0	1	14	1
14	340	75	1	0	2	14	1
14	400	75	1	0	2	14	1

# BRICK
1	0	192	4	1	0	1	1	1	2	1	3	510	48
1	0	160	1	1	0	96	32
1	160	160	1	1	1	64	32
1	288	160	2	1	1	1	2	64	32
1	416	160	2	1	2	1	3	94	32
1	0	0	2	0	0	1	0	32	235
1	479	0	4	0	2	0	3	1	2	1	3	33	235
1	30	0	4	0	0	0	1	0	2	0	3	450	30
1	30	31	1	0	0	33	7
1	40	39	1	0	0	14	7
1	160	31	1	0	1	32	7
1	168	39	1	0	1	14	7
1	95	31	1	0	0	58	8
1	103	40	1	0	0	33	8
1	111	49	1	0	0	33	8
1	119	58	1	0	0	14	7
1	223	31	1	0	1	33	7
1	232	39	1	0	1	14	7
1	351	31	1	0	2	33	7
1	360	39	1	0	2	14	7
1	288	31	2	0	1	0	2	58	8
1	296	40	2	0	1	0	2	33	8
1	304	49	2	0	1	0	2	33	8
1	312	58	2	0	1	0	2	14	8
1	416	31	1	0	2	58	8
1	424	40	1	0	2	33	8
1	432	49	1	0	2	33	8
1	440	58	1	0	2	14	8
1	30	127	1	0	0	30	3
1	449	127	1	0	3	30	3
#back
2	30	130	2	0	0	1	0	15	425	110	0	1	246	42
#go
2	462	130	4	0	2	0	3	1	2	1	3	17	64	141	0	1	0	0