# id	left	top	right	bottom	texture_id
[OBJECTS]
# type	x	y	ani_set_id	extra_settings per object type
# BRICK
1	0	1729	4	12	0	12	1	12	2	12	3	22	512	32
1	0	1665	2	12	0	12	1	22	160	32
1	416	1665	2	12	2	12	3	22	96	32
1	0	1601	1	11	0	22	96	32
1	160	1601	2	11	1	11	2	22	256	32
1	224	1537	1	11	1	22	64	32
1	0	1473	2	10	0	10	1	22	224	32
1	289	1473	3	10	1	10	2	10	3	22	224	32
1	0	1409	1	10	0	22	96	32
1	416	1409	2	10	2	10	3	22	96	32
1	96	1345	6	9	0	9	1	9	2	10	0	10	1	10	2	22	320	32
1	416	1281	2	9	2	9	3	22	96	32
1	0	1217	6	8	0	8	1	8	2	9	0	9	1	9	2	22	416	32
1	0	1153	2	8	0	8	1	22	160	32
1	352	1153	2	8	2	8	3	22	160	32
1	0	1089	2	7	0	8	0	22	96	32
1	160	1089	4	7	1	7	2	8	1	8	2	22	192	32
1	416	1089	4	7	2	7	3	8	2	8	3	22	96	32
1	0	1025	2	7	0	7	1	22	160	32
1	288	1025	2	7	1	7	2	22	64	32
1	96	961	2	7	0	7	1	22	192	32
1	352	961	2	7	2	7	3	22	160	32
1	0	897	1	6	0	22	96	32
1	416	897	2	6	2	6	3	22	96	32
1	0	833	3	6	0	6	1	6	2	22	416	32
1	0	769	1	5	0	22	96	32
1	96	705	2	5	0	5	1	22	192	32
1	288	641	3	4	1	4	2	4	3	22	224	32
1	0	577	2	4	0	4	1	22	288	32
1	416	577	2	4	2	4	3	22	96	32
1	96	513	2	3	0	3	1	22	64	32
1	0	449	1	3	0	22	96	32
1	160	449	3	3	1	3	2	3	3	22	352	32
1	352	385	2	2	2	3	2	22	64	32
1	0	321	3	2	0	2	1	2	2	22	352	32
1	416	321	2	2	2	2	3	22	96	32
1	224	257	2	1	1	2	1	22	64	32
1	288	193	2	1	1	1	2	22	128	32
1	224	129	2	0	1	1	1	22	64	32
1	0	129	2	0	0	1	0	22	96	32
1	416	129	4	0	2	0	3	1	2	1	3	22	96	32
1	416	65	2	0	2	0	3	22	96	32
1	0	0	4	0	0	0	1	0	2	0	3	22	512	32
1	0	0	13	0	0	1	0	2	0	3	0	4	0	5	0	6	0	7	0	8	0	9	0	10	0	11	0	12	0	22	32	1760
1	480	0	13	0	3	1	3	2	3	3	3	4	3	5	3	6	3	7	3	8	3	9	3	10	3	11	3	12	3	22	32	1760
1	160	1505	2	10	1	11	1	22	32	96
1	288	1377	2	10	1	10	2	22	32	96
1	96	1089	2	7	0	8	0	22	32	64
1	160	993	1	7	1	22	32	96
1	160	865	2	6	1	7	1	22	32	96
#stair
#300	54	125	22
#back
2	467	1095	2	8	2	8	3	14	62	111	0	1	1	0	41
#go
2	467	94	4	0	2	0	3	1	2	1	3	16	64	140	0	1	1	0	0