# id	left	top	right	bottom	texture_id
#[CLEARTEXTURES]
#[CLEARSPRITES]
#[CLEARANIMATIONS]
#[CLEARANIMATIONSETS]
# Id	FilePath			R	G	B
[TEXTURES]
# id	left	top	right	bottom	texture_id
[SPRITES]


[ANIMATIONS]
# id tuan theo define







[OBJECTS]
# type	x	y	numberOfPairGrid	gird_row1 (y/scr_height) 	grid_column1 (x/scr_width) 	grid_row2 	grid_column2 ...	animationset_id		width		height
#Worm
10	273	278	1	2	1	10
10	286	267	2	1	1	2	1	10
#FLOATER
12	113	1140	1	8	0	12
12	130	1175	1	8	0	12
12	160	1102	1	8	1	12
#DOMES
11	280	1160	1	8	1	11	3
11	140	76	1	0	0	11	3
11	257	76	1	0	1	11	3
11	232	76	1	0	1	11	3
#JUMPERS
15	50	960	1	7	0	15

#INSECT
13	350	760	1	5	2	13
13	350	610	1	4	2	13
13	400	500	1	3	2	13
#ORBS
14	240	460	1	3	1	14	1
14	60	340	1	2	0	14	1
14	260	330	1	2	1	14	1


# type	x	y	extra_settings per object type
# type: 1 = Brick, 2 = Gate


#viền trái
1	0	0	11	0	0	1	0	2	0	3	0	4	0	5	0	6	0	7	0	8	0	9	0	10	0	22	31	1440
#viền phải
1	480	0	11	0	3	1	3	2	3	3	3	4	3	5	3	6	3	7	3	8	3	9	3	10	3	22	31	1440
#viền trên
#1	0	0	4	0	0	0	1	0	2	0	3	22	600	64
1	0	0	1	0	0	22	111	64
1	111	0	4	0	0	0	1	0	2	0	3	22	489	47
1	144	47	2	0	0	0	1	22	31	17
1	208	47	1	0	1	22	31	17
1	272	47	3	0	1	0	2	0	3	22	328	17
#viền dưới
1	0	1249	4	9	0	9	1	9	2	9	3	22	600	64
#ngang 1-1
1	97	97	3	0	0	0	1	0	2	22	254	30
#ngang 1-2
1	415	97	2	0	2	0	3	22	100	30
#ngang 2-1
1	0	160	1	1	0	22	159	30
#ngang  2-2
1	352	160	2	1	2	1	3	22	150	30
#ngang 3
#1	97	225	4	1	0	1	1	1	2	1	3	22	454	30
1	97	225	1	1	0	22	14	30
1	111	225	4	1	0	1	1	1	2	1	3	22	404	13
1	144	238	2	1	0	1	1	22	31	17
1	208	238	1	1	1	22	31	17
1	272	238	1	1	1	22	31	17
1	336	238	2	1	2	1	3	22	179	17
#ngang 4
1	0	289	3	2	0	2	1	2	2	22	352	30
#ngang 5 nhỏ phải
1	352	353	1	2	2	22	63	30
#ngang 6
1	97	417	3	3	0	3	1	3	2	22	255	30
#ngang 7
1	0	481	1	3	0	22	96	30
#ngang 8-1
1	0	545	4	3	0	3	1	4	0	4	1	22	223	30
#ngang 8-2
1	289	545	4	3	1	3	2	4	1	4	2	22	127	30
#ngang 9
1	416	609	2	4	2	4	3	22	140	30
#ngang 10
1	97	673	6	4	0	4	1	4	2	5	0	5	1	5	2	22	319	30
#ngang 11-2
1	416	737	2	5	2	5	3	22	140	30
#ngang 11-1
1	0	737	1	5	0	22	96	30
#ngang 12-1
1	95	801	4	5	0	5	1	6	0	6	1	22	65	30
#ngang 12-2
1	223	801	4	5	1	5	2	6	1	6	2	22	193	30
#ngang 13-1
1	0	865	2	6	0	6	1	22	223	30
#ngang 13-2
1	416	865	2	6	2	6	3	22	96	30
#ngang 14
1	160	929	4	6	1	6	2	7	1	7	2	22	256	30
#ngang 15-2
1	416	993	2	7	2	7	3	22	96	30
#ngang 15-1
#1	0	993	2	7	0	7	1	22	160	30
1	0	993	1	7	0	22	111	30
1	111	993	1	7	0	22	33	13
1	144	993	2	7	0	7	1	22	16	30
#ngang 16
1	96	1057	3	7	0	7	1	7	2	22	320	30
#ngang 17-1
1	0	1121	1	8	0	22	96	30
#ngang 17-2
1	416	1121	2	8	2	8	3	22	96	30
#ngang 18-1
1	0	1185	2	8	0	8	1	22	160	30
#ngang 18-2
1	223	1185	3	8	1	8	2	8	3	22	360	30
#dọc 1
1	256	127	2	0	1	1	1	33	32	79
#dọc 2
1	256	703	1	5	1	33	32	79
#dọc kế kế cuối
1	319	831	2	6	1	6	2	33	32	79
#dọc kế cuối
1	256	959	1	7	1	33	32	79
#dọc cuối
1	319	1087	4	7	1	7	2	8	1	8	2	33	32	79
#Softbrick test
7	256	207	1	1	1	7
7	271	207	1	1	1	7
7	256	783	1	5	1	7
7	271	783	1	5	1	7
7	319	911	2	6	1	6	2	7
7	334	911	1	6	2	7
7	256	1039	1	7	1	7
7	271	1039	1	7	1	7
7	319	1167	2	8	1	8	2	7
7	334	1167	1	8	2	7
#GadBrick
#trên cùng
6	111	47	1	0	0	22	33	17
6	175	47	1	0	1	22	33	17
6	239	47	1	0	1	22	33	17
#hàng 2 từ trên xuống
6	111	238	1	1	0	22	33	17
6	175	238	1	1	1	22	33	17
6	239	238	1	1	1	22	33	17
6	303	238	2	1	1	1	2	22	33	17
#hàng 3
6	111	1006	1	7	0	22	33	17
#Gate
#	gateX	gateY	stage	playerX	playerY	state	camera	typeplayer	camX	camY
#back
2	20	1140	1	8	0	11	946	141	0	1	101	754	0
#go
2	465	120	4	0	2	0	3	1	2	1	3	13	90	141.5	0	1	101	0	0
