[SPRITES]

#Worm
#Walk
1000	168	411	186	421	40
1001	187	411	204	421	40


#ORBS
#FLY
1400	154	386	172	404	40
#FLIP
1401	134	386	152	404	40
1402	114	386	132	404	40


#ENEMY DIE
90000	176	94	183	102	1
90001	192	91	208	104	1
90002	213	90	229	106	1

[ANIMATIONS]
#Walk worm
1000	1000	100	1001	100

#ORBS
#FLY
1400	1400	100
#FLIP
1401	1401	100	1402	100	1400	100

#ENEMY DIE
9000	90000	100	90001	100	90002	100	90002	100

[ANIMATION_SETS]

# Worm
10	1000	9000
#ORBS
14	1400	1401	9000
[OBJECTS]
#Worm
10	190	750	1	5	1	10
10	255	695	1	5	1	10
10	122	305	1	2	0	10
10	186	240	1	1	1	10
10	118	178	1	1	0	10
#ORBS
14	105	515	1	3	0	14	0
14	135	530	2	3	0	4	0	14	0
# type	x	y	ani_set_id	extra_settings per object type
# BRICK
1	0	0	8	0	0	1	0	2	0	3	0	4	0	5	0	6	0	7	0	32	993
1	480	0	8	0	3	1	3	2	3	3	3	4	3	5	3	6	3	7	3	32	993
1	0	961	4	7	0	7	1	7	2	7	3	512	32
1	0	897	2	6	0	6	1	160	32
1	224	897	2	6	1	6	2	128	32
1	416	897	2	6	2	6	3	96	32

#1	0	833	1	6	0	96	32
1	0	833	1	6	0	47	32
1	47	850	1	6	0	33	15
1	80	833	1	6	0	15	32

1	160	833	2	6	1	6	2	64	32
1	288	833	3	6	1	6	2	6	3	224	32

#1	96	769	2	5	0	5	1	192	32
1	96	769	2	5	0	5	1	80	32
1	175	786	1	5	1	33	15
1	209	769	1	5	1	80	32

1	352	769	1	5	2	64	32

#1	0	705	2	5	0	5	1	160	32
1	0	705	1	5	0	47	32
1	47	722	1	5	0	33	15
1	80	705	2	5	0	5	1	80	32

#1	224	705	2	5	1	5	2	128	32
1	224	705	1	5	1	15	32
1	239	722	1	5	1	33	15
1	272	705	2	5	1	5	2	80	32

1	96	641	2	4	0	4	1	128	32

#1	288	641	2	4	1	4	2	128	32
1	288	641	1	4	1	15	32
1	303	658	2	4	1	4	2	33	15
1	336	641	1	4	2	80	32

1	0	577	2	4	0	4	1	288	32
1	352	577	1	4	2	64	32
1	0	513	1	3	0	96	32

#1	160	513	2	3	1	3	2	192	32
1	160	513	1	3	1	15	32
1	175	530	1	3	1	33	15
1	208	513	2	3	1	3	2	144	32

1	96	449	2	3	0	3	1	64	32
1	224	449	2	3	1	3	2	192	32
1	0	385	2	2	0	3	0	96	32
1	160	385	2	2	1	3	1	64	32

#1	288	385	4	2	1	2	2	3	1	3	2	64	32
1	288	385	2	2	1	3	1	15	32
1	303	402	4	2	1	2	2	3	1	3	2	33	15
1	336	385	2	2	2	3	2	15	32

#1	96	321	2	2	0	2	1	64	32
1	96	321	1	2	0	15	32
1	111	338	1	2	0	33	15
1	144	321	1	2	0	15	32

1	224	321	1	2	1	64	32
1	0	257	2	1	0	2	0	96	32

#1	160	257	2	1	1	2	1	64	32
1	160	257	2	1	1	2	1	15	32
1	175	274	1	2	1	33	15
1	208	257	2	1	1	2	1	15	32

#1	96	193	2	1	0	1	1	64	32
1	96	193	1	1	0	15	32
1	111	210	1	1	0	33	15
1	144	193	1	1	0	15	32

1	0	129	2	0	0	1	0	96	32
1	0	65	1	0	0	96	32
1	0	0	4	0	0	0	1	0	2	0	3	512	32
#InjuringBrick
5	111	196	1	1	0	33	13
5	175	260	1	1	1	33	13
5	111	324	1	2	0	33	13
5	303	388	2	2	1	2	2	33	13
5	175	516	1	3	1	33	13
5	303	644	2	4	1	4	2	33	13
5	47	708	1	5	0	33	13
5	239	708	1	5	1	33	13
5	175	772	1	5	1	33	13
5	47	836	1	6	0	33	13

#gate
#back
2	18	864	1	6	0	13	460	141	0	1	275	2
#go
2	18	96	2	0	0	1	0	15	425	1133	0	1	196	990