[CLEARTEXTURES]
27
84
86
87
9
[CLEARSPRITES]
120
193
194
195
196
201
202
77
78
79
[CLEARANIMATIONS]
90
156
157
160
59
[CLEARANIMATIONSETS]
27
84
86
87
9

# Id	FilePath			R	G	B
[TEXTURES]

80	Resources/Enemies/VampireBat.png	255	0	255
81	Resources/Enemies/Zombie.png	255	0	255
88	Resources/Enemies/TheLastEverBat.png	255	0	255

# id	left	top	right	bottom	texture_id
[SPRITES]

# VampireBat
180	0	0	32	32	80
181	32	0	64	32	80
182	64	0	96	32	80
183	96	0	128	32	80

# Zombie
184	0	0	32	64	81
185	32	0	64	64	81

# TLE Bat
203	0	0	96	46	88
204	96	0	192	46	88
205	192	0	288	46	88

# ani_id	sprite1_id	time1	sprite2_id	time2	...
[ANIMATIONS]

# VampireBat
150	180	100
151	181	120	182	120	183	120

# Zombie
152	184	120	185	120

# TLE Bat
161	203	100
162	204	120	205	120

#
# id	ani1	ani2	ani3
# id tuan theo define
[ANIMATION_SETS]

# VampireBat
80	150	151

# Zombie
81	152

# TLE Bat
88	161	162

[OBJECTS]
# type	x	y	extra_settings per object type
# type: 1 = Brick, 4 = Stairs
# 7 = BB, 14 = TLEBAT

# TLEBAT
14	1250	150	4	0

#Stairs
4	240	249	-1	0
4	272	281	-1	0

4	624	313	-1	0
4	656	345	-1	0
4	688	377	-1	0
4	720	409	-1	0

4	1392	345	1	0
4	1424	313	1	0

#Brick
1	16	441	2	0	1
1	48	441	2	0	1
1	80	441	2	0	1
1	112	441	2	0	1
1	144	441	2	0	1
1	176	441	2	0	1
1	208	441	2	0	1
1	16	249	2	0	1
1	48	249	2	0	1
1	80	249	2	0	1
1	112	249	2	0	1
1	144	249	2	0	1
1	176	249	2	0	1
1	208	249	2	0	1
1	240	441	2	0	1
1	272	441	2	1	1
1	304	441	2	1	1
1	336	441	2	1	1
1	368	441	2	1	1
1	400	441	2	1	1
1	432	441	2	1	1
1	464	441	2	1	1
1	496	441	2	1	1
1	528	441	2	2	1
1	560	441	2	2	1
1	592	441	2	2	1
1	272	313	2	1	1
1	304	313	2	1	1
1	336	313	2	1	1
1	368	313	2	1	1
1	400	313	2	1	1
1	432	313	2	1	1
1	464	313	2	1	1
1	496	313	2	1	1
1	528	313	2	2	1
1	560	313	2	2	1
1	592	313	2	2	1
1	624	441	2	2	1
1	656	441	2	2	1
1	688	441	2	2	1
1	720	441	2	2	1
1	752	441	2	2	1
1	784	441	2	2	1
1	816	441	2	3	1
1	848	441	2	3	1
1	880	441	2	3	1
1	912	441	2	3	1
1	944	441	2	3	1
1	976	441	2	3	1
1	1008	441	2	3	1
1	1040	441	2	3	1
1	1072	441	2	4	1
1	1104	441	2	4	1
1	1136	441	2	4	1
1	1168	441	2	4	1
1	1200	441	2	4	1
1	1232	441	2	4	1
1	1264	441	2	4	1
1	1296	441	2	4	1
1	1328	441	2	5	1
1	1360	441	2	5	1
1	1360	377	2	5	1
7	1392	377	2	5	1
1	1392	441	2	5	1
1	1424	441	2	5	1
1	1456	441	2	5	1
1	1456	313	2	5	1
1	1488	313	2	5	1
1	1520	313	2	5	1
1	1488	441	2	5	1
1	1520	441	2	5	1
1	1552	441	2	5	1
1	1552	409	2	5	1
1	1552	377	2	5	1
1	1552	345	2	5	1
1	1552	313	2	5	1
1	1552	281	2	5	1
1	1552	249	2	5	1
1	1552	217	2	5	0
1	1552	185	2	5	0
1	1552	153	2	5	0
1	1552	121	2	5	0
1	1552	89	2	5	0

#idStage -- mapFilePath -- RowMap -- ColumnMap -- tilesetFilePath -- RowTileset -- ColumnTileset
[TILEMAP]
3000	Resources/TileMap/TilesetStage4Text.txt	12	48	Resources/TileMap/TilesetStage4.png	6	17	1282