# Id	FilePath			R	G	B
[TEXTURES]
85	Resources/Enemies/Raven.png	116	116	116

# id	left	top	right	bottom	texture_id
[SPRITES]

#Raven
197	0	0	32	32	85
198	32	0	64	32	85
199	64	0	96	32	85
200	96	0	128	32	85

# ani_id	sprite1_id	time1	sprite2_id	time2	...
[ANIMATIONS]

#Raven
158	197	100
159	198	120	199	120	200	120

#
# id	ani1	ani2	ani3
# id tuan theo define
[ANIMATION_SETS]

#Raven
85	158	159

[OBJECTS]
# type	x	y	extra_settings per object type
# type: 1 = Brick, 2 = Torch, 3 = Gate, 4 = Stairs
# 5 = DarkenBat, 6 = Knight, 7 = BreakableBrick, 8 = Candle, 9 = Moving Flatform 
# 11 = Raven

#Gate
3	1504	281	6	50	200	1	1	5	1
3	232	440	4	176	97	13	0	0	1

# Raven
11	560	157	-1	1	2	0
11	848	253	-1	1	3	1
11	976	189	-1	1	3	0
11	1072	405	-1	-1	4	1

# Skeleton
12	720	345	2	1
12	1328	345	5	1

#Candle
8	320	217	100	1	0
8	448	345	100	1	1
8	576	345	100	2	1
8	704	345	100	2	1
8	848	281	100	3	1
8	960	377	100	3	1
8	1088	377	100	4	1
8	1216	345	100	4	1
8	1344	345	100	5	1
8	1472	249	100	5	1

#Stairs
4	144	409	-1	1
4	176	441	-1	1

4	144	377	1	0
4	176	345	1	0
4	208	313	1	0
4	240	281	1	0

4	784	377	1	0
4	816	345	1	0

4	912	249	1	0
4	944	217	1	0

4	1168	281	-1	0
4	1200	313	-1	0
4	1232	345	-1	0
4	1264	377	-1	0

#BRICK
1	112	441	4	0	1
1	80	441	4	0	1
1	48	441	4	0	1
1	16	441	4	0	1
1	176	409	4	0	1
1	112	409	4	0	1
1	80	409	4	0	1
1	48	409	4	0	1
1	16	409	4	0	1
1	48	377	4	0	1
1	16	377	4	0	1
1	48	345	4	0	1
1	16	345	4	0	1
1	48	313	4	0	1
1	16	313	4	0	1
1	48	281	4	0	1
1	16	281	4	0	1
1	48	249	4	0	1
1	16	249	4	0	1
1	48	217	4	0	0
1	16	217	4	0	0
1	48	185	4	0	0
1	16	185	4	0	0
1	48	153	4	0	0
1	16	153	4	0	0
1	48	121	4	0	0
1	16	121	4	0	0
1	48	89	4	0	0
1	16	89	4	0	0
1	272	313	4	1	1
1	272	281	4	1	1
1	304	313	4	1	1
1	304	281	4	1	1
1	336	409	4	1	1
1	368	409	4	1	1
1	400	409	4	1	1
1	432	409	4	1	1
1	464	409	4	1	1
1	464	281	4	1	1
1	496	281	4	1	1
1	496	409	4	1	1
1	528	409	4	2	1
1	560	409	4	2	1
1	592	409	4	2	1
1	624	409	4	2	1
1	720	409	4	2	1
1	752	409	4	2	1
1	848	345	4	3	1
1	880	345	4	3	1
1	912	409	4	3	1
1	944	409	4	3	1
1	976	313	4	3	1
1	1008	313	4	3	1
1	976	441	4	3	1
1	1008	441	4	3	1
1	1040	441	4	3	1
# Easter Egg					
1	1072	441	4	4	1
1	1104	281	4	4	1
1	1136	281	4	4	1
1	1232	409	4	4	1
1	1264	409	4	4	1
1	1296	409	4	4	1
1	1328	409	4	5	1
1	1360	377	4	5	1
1	1392	377	4	5	1
1	1424	313	4	5	1
1	1456	313	4	5	1
1	1488	345	4	5	1
1	1520	345	4	5	1
1	1488	217	4	5	0
1	1520	217	4	5	0

#idStage -- mapFilePath -- RowMap -- ColumnMap -- tilesetFilePath -- RowTileset -- ColumnTileset
[TILEMAP]
2500	Resources/TileMap/TilesetStage3_2Text.txt	12	48	Resources/TileMap/TilesetStage3.png	5	12	1282