[OBJECTS]
# type	x	y	extra_settings per object type
# type: 1 = Brick, 2 = Torch, 3 = Gate, 4 = Stairs
# 5 = DarkenBat, 6 = Knight, 7 = BreakableBrick, 8 = Candle, 9 = Moving Flatform

#DarkenBat
5	608	137	1	2	0

#Knight
6	672	249	1	1000	2	1
6	304	137	-1	112	1	0

#BreakableBrick
7	720	249	3	2	1

#Candle
8	928	128	100	3	0
8	800	128	100	3	0
8	672	128	100	2	0
8	544	128	100	2	0
8	416	128	100	1	0
8	288	128	100	1	0
8	160	128	100	0	0

#Moving Flatform
9	144	249	0	1

#Gate
3	788	440	2	272	97	13	1	3	1
3	16	184	4	1440	350	1	0	0	0

#Stairs
4	788	441	1	0
4	820	409	1	0
4	852	377	1	0
4	884	345	1	0
4	916	313	1	0

#Brick
1	16	441	3	0	1
1	16	409	3	0	1
1	16	377	3	0	1
1	16	345	3	0	1
1	16	313	3	0	1
1	16	281	3	0	1
1	16	249	3	0	1
1	48	249	3	0	1
1	16	121	3	0	0
1	16	89	3	0	0
1	144	313	3	0	1
1	176	313	3	0	1
1	208	249	3	0	1
1	240	249	3	0	1
1	272	249	3	1	1
1	304	249	3	1	1
1	272	281	3	1	1
1	304	281	3	1	1
1	272	313	3	1	1
1	304	313	3	1	1
1	272	345	3	1	1
1	304	345	3	1	1
1	272	377	3	1	1
1	304	377	3	1	1
1	272	409	3	1	1
1	304	409	3	1	1
1	272	441	3	1	1
1	304	441	3	1	1
1	400	249	3	1	1
1	432	249	3	1	1
1	464	249	3	1	1
1	496	249	3	1	1
1	528	249	3	2	1
1	560	249	3	2	1
1	464	281	3	1	1
1	496	281	3	1	1
1	528	281	3	2	1
1	464	313	3	1	1
1	496	313	3	1	1
1	528	313	3	2	1
1	464	345	3	1	1
1	496	345	3	1	1
1	528	345	3	2	1
1	464	377	3	1	1
1	496	377	3	1	1
1	528	377	3	2	1
1	464	409	3	1	1
1	496	409	3	1	1
1	528	409	3	2	1
1	464	441	3	1	1
1	496	441	3	1	1
1	528	441	3	2	1
1	592	313	3	2	1
1	624	313	3	2	1
1	656	377	3	2	1
1	688	377	3	2	1
1	752	249	3	2	1
1	784	249	3	2	1
1	816	249	3	3	1
1	848	249	3	3	1
1	880	249	3	3	1
1	720	281	3	2	1
1	752	281	3	2	1
1	720	313	3	2	1
1	752	313	3	2	1
1	720	345	3	2	1
1	752	345	3	2	1
1	720	377	3	2	1
1	752	377	3	2	1
1	944	313	3	3	1
1	976	89	3	3	0
1	976	121	3	3	0
1	976	153	3	3	0
1	976	185	3	3	0
1	976	217	3	3	0
1	976	249	3	3	1
1	976	281	3	3	1
1	976	313	3	3	1
1	976	345	3	3	1
1	976	377	3	3	1
1	976	409	3	3	1
1	976	441	3	3	1
1	1008	89	3	3	0
1	1008	121	3	3	0
1	1008	153	3	3	0
1	1008	185	3	3	0
1	1008	217	3	3	0
1	1008	249	3	3	1
1	1008	281	3	3	1
1	1008	313	3	3	1
1	1008	345	3	3	1
1	1008	377	3	3	1
1	1008	409	3	3	1
1	1008	441	3	3	1

#idStage -- mapFilePath -- RowMap -- ColumnMap -- tilesetFilePath -- RowTileset -- ColumnTileset
[TILEMAP]
1500	Resources/TileMap/TilesetStage2_2Text.txt	12	33	Resources/TileMap/TilesetStage2.png	4	7	776