[CLEARTEXTURES]
24
82
83
[CLEARSPRITES]
112
186
187
188
189
190
191
192
[CLEARANIMATIONS]
80
153
154
155
[CLEARANIMATIONSETS]
24
82
83

# Id	FilePath			R	G	B
[TEXTURES]
27	Resources/Objects/Bush.png	116	116	116

84	Resources/Enemies/Ghost.png	116	116	116
86	Resources/Enemies/Hunchman.png	116	116	116
87	Resources/Enemies/Skeleton.png	116	116	116
9	Resources/Weapons/Bone.png	116	116	116

# id	left	top	right	bottom	texture_id
[SPRITES]

#Bush
120	0	0	120	68	27

#Ghost
193	0	0	32	32	84
194	32	0	64	32	84

# Hunchman
195	0	0	32	32	86
196	32	0	64	32	86

# Skeleton
201	0	0	32	64	87
202	32	0	64	64	87

# Bone
77	0	0	32	32	9
78	32	0	64	32	9
79	64	0	96	32	9

# ani_id	sprite1_id	time1	sprite2_id	time2	...
[ANIMATIONS]

# Bush
90	120	100

# Ghost
156	193	120	194	120

# Hunchman
157	195	120	196	120

# Skeleton
160	201	120	202	120

# Bone
59	77	120	78	120	79	120

#
# id	ani1	ani2	ani3
# id tuan theo define
[ANIMATION_SETS]

# Bush
27	90

# Ghost
84	156

# Hunchman
86	157

# Skeleton
87	160

# Bone
9	59

[OBJECTS]
# type	x	y	extra_settings per object type
# type: 1 = Brick, 2 = Torch, 3 = Gate, 4 = Stairs
# 5 = DarkenBat, 6 = Knight, 7 = BreakableBrick, 8 = Candle, 9 = Moving Flatform
# 10 = Hunchman, 12 = Skeleton, 13 = Bush

# Bush
13	432	393	1	1
13	736	393	2	1

# Skeleton
12	112	217	0	0

# Hunchman
10	864	249	3	1
10	608	249	2	1
10	336	185	1	0

#Candle
8	1472	345	100	5	1
8	1344	377	100	5	1
8	1216	377	100	4	1
8	1088	377	100	4	1
8	960	377	100	3	1
8	832	377	100	3	1
8	704	377	100	2	1
8	576	377	100	2	1
8	448	377	100	1	1
8	320	217	100	1	0
8	192	345	100	0	1

#Stairs
4	304	249	-1	1
4	272	217	-1	1
4	240	185	-1	1
4	208	153	-1	1
4	176	121	-1	1
4	144	89	-1	1

#Gate
#3	1520	344	3	56	185	1	1
3	112	24	5	192	417	12	0	0	0

#BRICK
1	1552	217	4	5	0
1	1552	249	4	5	1
1	1552	281	4	5	1
1	1552	313	4	5	1
1	1552	345	4	5	1
1	1552	377	4	5	1
1	1520	281	4	5	1
1	1488	281	4	5	1
1	1520	409	4	5	1
1	1488	409	4	5	1
1	1456	409	4	5	1
1	1424	409	4	5	1
1	1392	409	4	5	1
1	1360	409	4	5	1
1	1520	441	4	5	1
1	1488	441	4	5	1
1	1456	441	4	5	1
1	1424	441	4	5	1
1	1392	441	4	5	1
1	1360	441	4	5	1
1	1328	441	4	5	1
1	1296	441	4	4	1
1	1264	441	4	4	1
1	1232	441	4	4	1
1	1200	441	4	4	1
1	1168	441	4	4	1
1	1136	441	4	4	1
1	1104	441	4	4	1
1	1072	441	4	4	1
1	1040	441	4	3	1
1	1008	441	4	3	1
1	976	441	4	3	1
1	944	441	4	3	1
1	912	441	4	3	1
1	880	441	4	3	1
1	880	345	4	3	1
1	848	345	4	3	1
1	848	441	4	3	1
1	816	441	4	3	1
1	784	441	4	2	1
1	752	441	4	2	1
1	720	441	4	2	1
1	688	441	4	2	1
1	656	441	4	2	1
1	624	441	4	2	1
1	624	345	4	2	1
#Breakalbe Brick
7	592	345	4	2	1
1	592	441	4	2	1
1	560	441	4	2	1
1	528	441	4	2	1
1	496	441	4	1	1
1	464	441	4	1	1
1	432	441	4	1	1
1	400	441	4	1	1
1	368	441	4	1	1
1	368	281	4	1	1
1	336	281	4	1	1
1	304	281	4	1	1
1	272	281	4	1	1
1	240	281	4	0	1
1	208	281	4	0	1
1	336	441	4	1	1
1	304	441	4	1	1
1	272	441	4	1	1
1	240	409	4	0	1
1	208	409	4	0	1
1	176	409	4	0	1
1	144	409	4	0	1
1	112	345	4	0	1
1	80	345	4	0	1
1	112	89	4	0	0
1	80	89	4	0	0
1	48	441	4	0	1
1	16	441	4	0	1
1	48	409	4	0	1
1	16	409	4	0	1
1	48	377	4	0	1
1	16	377	4	0	1
1	48	345	4	0	1
1	16	345	4	0	1
1	48	313	4	0	1
1	16	313	4	0	1
1	48	281	4	0	1
1	16	281	4	0	1
1	48	249	4	0	1
1	16	249	4	0	1
1	48	217	4	0	0
1	16	217	4	0	0
1	48	185	4	0	0
1	16	185	4	0	0
1	48	153	4	0	0
1	16	153	4	0	0
1	48	121	4	0	0
1	16	121	4	0	0
1	48	89	4	0	0
1	16	89	4	0	0

#idStage -- mapFilePath -- RowMap -- ColumnMap -- tilesetFilePath -- RowTileset -- ColumnTileset
[TILEMAP]
2000	Resources/TileMap/TilesetStage3_1Text.txt	12	48	Resources/TileMap/TilesetStage3.png	5	12	1282